    + --- ---------------- --------- + --- ---------------- --------- + --- ---------------- --------- +
    |               Plain recursion1 |               Plain recursion2 |                Plain iterative |
--- + --- ---------------- --------- + --- ---------------- --------- + --- ---------------- --------- +
  n | sol            count  cpu time | sol            count  cpu time | sol            count  cpu time |
--- + --- ---------------- --------- + --- ---------------- --------- + --- ---------------- --------- +
  1 |   1                2 7.000e-07 |   1                2 2.100e-06 |   1                6 1.100e-06 |
  2 |   2                3 9.000e-07 |   2                3 5.000e-07 |   2                9 4.000e-07 |
  3 |   3                5 9.000e-07 |   3                5 6.000e-07 |   3               12 4.000e-07 |
  4 |   3                8 1.000e-06 |   3                8 7.000e-07 |   3               11 3.000e-07 |
  5 |   4               13 1.100e-06 |   4               12 8.000e-07 |   4               14 4.000e-07 |
  6 |   4               22 1.300e-06 |   4               20 1.200e-06 |   4               15 4.000e-07 |
  7 |   5               36 1.400e-06 |   5               33 1.600e-06 |   5               18 5.000e-07 |
  8 |   5               60 1.600e-06 |   5               55 1.900e-06 |   5               19 5.000e-07 |
  9 |   5              100 2.200e-06 |   5               91 2.500e-06 |   5               17 4.000e-07 |
 10 |   6              167 2.900e-06 |   6              150 5.000e-06 |   6               20 1.500e-06 |
 11 |   6              279 5.100e-06 |   6              249 5.500e-06 |   6               21 8.000e-07 |
 12 |   6              465 7.300e-06 |   6              415 7.900e-06 |   6               22 5.000e-07 |
 13 |   7              777 1.090e-05 |   7              692 1.170e-05 |   7               25 7.000e-07 |
 14 |   7             1297 1.510e-05 |   7             1153 1.750e-05 |   7               26 6.000e-07 |
 15 |   7             2165 2.370e-05 |   7             1923 2.820e-05 |   7               27 5.000e-07 |
 16 |   7             3614 3.950e-05 |   7             3207 4.520e-05 |   7               24 6.000e-07 |
 17 |   8             6031 6.490e-05 |   8             5347 7.430e-05 |   8               27 5.000e-07 |
 18 |   8            10065 1.060e-04 |   8             8918 1.213e-04 |   8               28 6.000e-07 |
 19 |   8            16795 1.758e-04 |   8            14874 1.961e-04 |   8               29 5.000e-07 |
 20 |   8            28024 2.902e-04 |   8            24812 3.363e-04 |   8               30 1.600e-06 |
 21 |   9            46758 5.542e-04 |   9            41388 5.448e-04 |   9               33 7.000e-07 |
 22 |   9            78011 8.138e-04 |   9            69040 1.043e-03 |   9               34 8.000e-07 |
 23 |   9           130089 1.388e-03 |   9           115171 1.536e-03 |   9               35 7.000e-07 |
 24 |   9           216968 2.285e-03 |   9           192124 2.565e-03 |   9               36 5.000e-07 |
 25 |   9           359706 3.780e-03 |   9           320497 4.297e-03 |   9               32 6.000e-07 |
 26 |  10           597823 6.609e-03 |  10           534647 7.276e-03 |  10               35 7.000e-07 |
 27 |  10           995046 1.044e-02 |  10           891872 1.189e-02 |  10               36 7.000e-07 |
 28 |  10          1655498 1.743e-02 |  10          1483987 2.021e-02 |  10               37 8.000e-07 |
 29 |  10          2757259 3.136e-02 |  10          2471688 3.395e-02 |  10               38 1.000e-06 |
 30 |  10          4593012 5.182e-02 |  10          4117456 5.457e-02 |  10               39 8.000e-07 |
 31 |  11          7651017 8.120e-02 |  11          6859871 9.045e-02 |  11               42 1.000e-06 |
 32 |  11         12747967 1.526e-01 |  11         11432554 1.750e-01 |  11               43 1.000e-06 |
 33 |  11         21239691 2.408e-01 |  11         19051890 2.780e-01 |  11               44 8.000e-07 |
 34 |  12         35390165 4.285e-01 |  12         31744860 5.008e-01 |  12               48 1.000e-06 |
 35 |  12         58969547 6.680e-01 |  12         52897235 7.453e-01 |  12               50 1.000e-06 |
 36 |  12         98258424 1.067e+00 |  12         88143972 1.257e+00 |  12               52 1.000e-06 |
 37 |  13        163727428 1.875e+00 |  13        146874304 2.180e+00 |  13               56 1.000e-06 |
 38 |  13        272817267 3.102e+00 |  13        244738097 3.505e+00 |  13               57 1.800e-06 |
 39 |  13        454593881 5.213e+00 |  13        407807248 5.971e+00 |  13               59 1.100e-06 |
 40 |  14        757489987 8.348e+00 |  14        679530817 9.815e+00 |  14               63 1.300e-06 |
 41 |  14       1262204160 1.439e+01 |  14       1132304623 1.646e+01 |  14               65 1.200e-06 |
 42 |  14       2114047092 2.382e+01 |  14       1886760619 2.797e+01 |  14               66 1.100e-06 |
 43 |  15       3533472456 4.148e+01 |  15       3143914507 4.624e+01 |  15               70 1.300e-06 |
 44 |  15       5898663878 6.697e+01 |  15       5238710835 7.615e+01 |  15               71 1.500e-06 |
 45 |  15       9850621736 1.117e+02 |  15       8750943600 1.266e+02 |  15               72 1.100e-06 |
 46 |  16      16352251531 1.861e+02 |  16      14603382558 2.130e+02 |  16               76 1.500e-06 |
 47 |  16      27196767437 3.115e+02 |  16      24366147466 3.537e+02 |  16               77 1.800e-06 |
 48 |  16      45288671397 5.167e+02 |  16      40644692643 5.973e+02 |  16               78 1.400e-06 |
 49 |  16      75373390362 8.654e+02 |  16      67613455293 9.927e+02 |  16               75 1.300e-06 |
 50 |  17     125557790155 1.420e+03 |  17     112594892033 1.606e+03 |  17               78 2.140e-05 |
 55 |  19    1421772009146 1.533e+04 |  19    1338157336560 1.669e+04 |  19               89 1.820e-05 |
 60 |                                |                                |  21              103 1.700e-06 |
 65 |                                |                                |  23              110 1.600e-06 |
 70 |                                |                                |  25              120 1.400e-06 |
 75 |                                |                                |  26              123 1.300e-06 |
 80 |                                |                                |  27              130 1.900e-06 |
 85 |                                |                                |  28              132 2.600e-06 |
 90 |                                |                                |  30              142 1.800e-06 |
 95 |                                |                                |  32              162 2.100e-06 |
100 |                                |                                |  35              179 2.800e-06 |
110 |                                |                                |  39              197 2.800e-06 |
120 |                                |                                |  42              210 2.000e-06 |
130 |                                |                                |  44              219 1.900e-06 |
140 |                                |                                |  46              234 3.600e-06 |
150 |                                |                                |  48              250 2.100e-06 |
160 |                                |                                |  52              269 2.400e-06 |
170 |                                |                                |  57              297 2.300e-06 |
180 |                                |                                |  60              306 2.200e-06 |
190 |                                |                                |  62              315 2.400e-06 |
200 |                                |                                |  64              323 3.300e-06 |
220 |                                |                                |  70              367 4.100e-06 |
240 |                                |                                |  77              398 3.100e-06 |
260 |                                |                                |  81              416 4.400e-06 |
280 |                                |                                |  88              457 3.900e-06 |
300 |                                |                                |  96              499 3.600e-06 |
320 |                                |                                | 101              525 3.600e-06 |
340 |                                |                                | 111              578 6.200e-06 |
360 |                                |                                | 115              597 4.100e-06 |
380 |                                |                                | 120              626 6.200e-06 |
400 |                                |                                | 128              678 4.900e-06 |
420 |                                |                                | 134              699 6.400e-06 |
440 |                                |                                | 139              729 7.500e-06 |
460 |                                |                                | 147              773 5.300e-06 |
480 |                                |                                | 152              792 5.100e-06 |
500 |                                |                                | 159              830 7.300e-06 |
520 |                                |                                | 166              864 5.930e-05 |
540 |                                |                                | 171              890 7.600e-06 |
560 |                                |                                | 178              935 6.600e-06 |
580 |                                |                                | 185              966 6.100e-06 |
600 |                                |                                | 189              990 6.200e-06 |
620 |                                |                                | 195             1027 6.600e-06 |
640 |                                |                                | 203             1063 7.400e-06 |
660 |                                |                                | 208             1095 7.000e-06 |
680 |                                |                                | 214             1129 7.200e-06 |
700 |                                |                                | 222             1173 7.500e-06 |
720 |                                |                                | 227             1197 7.400e-06 |
740 |                                |                                | 236             1250 7.600e-06 |
760 |                                |                                | 241             1271 7.700e-06 |
780 |                                |                                | 244             1293 7.700e-06 |
800 |                                |                                | 253             1347 8.200e-06 |
--- + --- ---------------- --------- +
